title = "Julia CFD solver configurations"

[DOMAIN]
nx =  64
ny =  64
nz =  32
lx =  6.283185307179586
ly =  3.141592653589793
lz =  1.0
uniform_spacing =  false

nsteps = 100
dt = 1e-5

[SCALAR]
Pr = 0.71


lbc_scalar =  0
lbc_value =  0
ubc_scalar =  1
ubc_value = 0